day,W=14|q=0.2,W=14|q=0.3,W=28|q=0.2,W=28|q=0.3
2024-01-01,0.0,0.0,0.0,0.0
2024-01-02,0.0,0.0,0.0,0.0
2024-01-03,0.0,0.0,0.0,0.0
2024-01-04,0.0,0.0,0.0,0.0
2024-01-05,0.0,0.0,0.0,0.0
2024-01-06,0.0,0.0,0.0,0.0
2024-01-07,0.0,0.0,0.0,0.0
2024-01-08,0.0,0.0,0.0,0.0
2024-01-09,0.0,0.0,0.0,0.0
2024-01-10,0.0,0.0,0.0,0.0
2024-01-11,0.0,0.0,0.0,0.0
2024-01-12,0.0,0.0,0.0,0.0
2024-01-13,0.0,0.0,0.0,0.0
2024-01-14,0.0,0.0,0.0,0.0
2024-01-15,0.0,0.0,0.0,0.0
2024-01-16,0.0,0.0,0.0,0.0
2024-01-17,0.0,0.0,0.0,0.0
2024-01-18,0.0,0.0,0.0,0.0
2024-01-19,0.0,0.0,0.0,0.0
2024-01-20,0.0,0.0,0.0,0.0
2024-01-21,0.0,0.0,0.0,0.0
2024-01-22,0.0,0.0,0.0,0.0
2024-01-23,0.0,0.0,0.0,0.0
2024-01-24,0.0,0.0,0.0,0.0
2024-01-25,0.0,0.0,0.0,0.0
2024-01-26,0.0,0.0,0.0,0.0
2024-01-27,0.0,0.0,0.0,0.0
2024-01-28,0.0,0.0,0.0,0.0
2024-01-29,0.0,0.0,0.0,0.0
2024-01-30,-0.01292099239934299,-0.02108393356229329,0.0,0.0
2024-01-31,-0.024421015179963375,-0.01851646662210389,-0.027554971211443385,-0.023093993127370163
2024-02-01,-0.013318651385361743,-0.006246052682933461,-0.015108720905159254,-0.007787186858860073
2024-02-02,-0.0024659981775045975,0.015481805905373873,-0.0039759556446106155,0.020439990115930354
2024-02-03,0.0226971653388564,0.013257359080337974,0.016244712760247547,0.017454115712037623
2024-02-04,-0.023552846716269567,-0.011649559453833381,-0.009314961308462369,-0.016334788323202964
2024-02-05,0.008701162642923636,-0.002810419673557287,0.0035395946995091803,-0.004085365633829575
2024-02-06,0.009880961704314557,0.004352908870254584,0.01386181973275712,0.006537702597624393
2024-02-07,0.06223486017008723,0.029397021953433307,0.07343109307648876,0.043966466141452464
2024-02-08,-0.00504703604886762,-0.0034058474659421872,-0.018249541368561932,-0.005125537492733829
2024-02-09,-0.013905547894294528,-0.004481603150635527,-0.015419335905271175,-0.006601578737563981
2024-02-10,-0.009632051921931185,-0.007558778193855692,-0.010670597187110957,-0.011000319973283849
2024-02-11,0.0007913381828766055,-0.008508690955182144,0.0012513421005756092,-0.012254399510832849
2024-02-12,-0.003738344504716288,-0.00015963756153412114,-0.00585362486108097,-0.00024541689783624376
2024-02-13,0.0015153095251500834,0.0008739815837881344,0.0005928263682246772,0.0011841526906624753
2024-02-14,-0.014730132181272504,-0.011032517920762212,-0.013750954385627102,-0.01520243076762785
2024-02-15,0.010588425257604936,0.00033655290812746987,-0.0037007805071221185,0.0004644855831147965
2024-02-16,0.016819122374052024,0.007659511023156292,0.008586528298037157,0.009966985757458583
2024-02-17,0.01608271789974303,0.012659103161963725,0.015779293806221246,0.01599886215541614
2024-02-18,0.007366053934082598,0.012339909850975415,0.012234093006561067,0.015331620187763496
2024-02-19,0.03784606900097358,0.035431831513033,0.03538649751115107,0.043048031433435864
2024-02-20,-0.01896147528267339,-0.010663167652345675,-0.010011214102712645,-0.012748261777519147
2024-02-21,0.0001476872870265864,-0.010340336323514419,-0.011347699554531515,-0.011614462027937585
2024-02-22,0.028157844386562967,0.024157972873226158,0.02896904290961788,0.02683816059657253
2024-02-23,-0.00129592873547617,-0.0002497737084861878,-0.0008495929052626857,-0.00027887780725494086
2024-02-24,-0.0006100677029593226,0.003041125737289424,0.0006635663629221461,0.0032096018848806035
2024-02-25,0.002437188616783653,-6.230688163947834e-05,0.0017919454941422949,-6.561164461919199e-05
2024-02-26,-0.0055747336856365876,-0.006644414119336473,-0.00780346264477098,-0.007021927901707561
2024-02-27,-0.005355982813893808,-0.009927807847629982,-0.004790194332636826,-0.010272573086291896
2024-02-28,-0.02214370940201479,-0.04327792918104172,-0.024528972860822857,-0.04435734006713836
2024-02-29,0.002648550878437806,0.0031807676803697342,0.0029378125402504444,0.003168973484924961
2024-03-01,0.008982842159290932,-0.002273739527656058,0.009840353304020914,-0.002273739527656058
2024-03-02,0.016702588137221093,0.01356521918533472,0.01830150611535686,0.01356521918533472
2024-03-03,-0.004994109447463237,-0.009282864080184411,-0.005445212276693274,-0.009282864080184411
2024-03-04,-0.0031848983173557014,-0.012180267922563449,-0.003428114901522602,-0.012180267922563449
2024-03-05,-0.0048292862325234045,0.008366278633006359,-0.00514814314859937,0.008366278633006359
2024-03-06,0.012987536002793188,0.015383237970683368,0.009537113977917693,0.01975784700670478
2024-03-07,0.003961725668452457,-0.0007502628144811989,-0.0037311791792840644,-0.0015481569120233444
2024-03-08,-0.006104806926182694,-0.016573045635653986,-0.005226180185629008,-0.006521317584502139
2024-03-09,-0.009130670716446394,-0.005773495213001828,-0.0038113381935317636,-0.008354666256225324
2024-03-10,-0.0004493992953042645,-0.007226961561815405,-0.01127937186096307,-0.013873491233580657
2024-03-11,-0.004858350715698321,0.001986152845583948,0.001046775598902735,0.0055225706714530556
2024-03-12,0.011044515658324509,0.006412718500613845,0.003870003648791383,0.006402397341556132
2024-03-13,-0.004272551843661443,-0.010204233518770502,-0.004781113769153445,-0.009486196774522797
2024-03-14,-0.013066183174681242,-0.01145703586367216,-0.014676827267743504,-0.009957957686549909
2024-03-15,-0.007063231281410425,-0.011876944598733032,-0.00791722450837573,-0.01934722391399237
2024-03-16,-0.0023036416057633144,0.003734813959904638,-0.0025690279643952514,0.000450405332642465
2024-03-17,-0.012247496404605766,-0.012051067582708389,-0.013555371836495217,-0.008053171653409125
2024-03-18,-0.0036277816624710056,0.0010017602950279278,-0.0040275171909741015,-0.005083571851382265
2024-03-19,0.00601045587053158,0.0009244253516760594,0.006703461496161554,0.0029165893670892737
2024-03-20,-0.007174964371874445,-0.007111119594715952,-0.007959116591007571,-0.00414601961555392
2024-03-21,0.0050109582721751394,0.009546860380975745,0.00542130291280113,0.010858272483884924
2024-03-22,0.0010616965489245761,0.0025836598170697837,0.0011613648650895376,0.0016360109035233078
2024-03-23,0.0016435324097429055,0.002415888289769526,0.0017870826858207784,0.003392025728258149
2024-03-24,-0.009521545642258409,-0.002225852515690742,-0.010340061147450341,-0.0024443594868949012
2024-03-25,0.0033471203441500868,0.008829698237149079,0.003637695491587455,0.007559819429282851
2024-03-26,0.004608581855046942,0.004823421884750564,0.005012661569046287,0.00971614238104548
2024-03-27,-0.0029621848010610184,-0.0061261688511906505,-0.00791434633837878,-0.0057302137918642726
2024-03-28,-0.005247524693389913,-0.011391060057221071,-0.01761831311694046,-0.010546166984322418
2024-03-29,-0.007601791249983662,-0.002609578630873593,-0.0005221058632454734,-0.002353192123689459
2024-03-30,-0.00904865540071523,-0.0009584221627236512,-0.005040692395896818,-0.0008684983699709006
2024-03-31,-0.0037873679694269673,-0.006124934977886523,-0.012732449870991472,-0.005557072598148624
2024-04-01,-0.0006218147504532718,0.0020073029142243597,0.0016442645108893665,0.0018050913168472429
2024-04-02,-0.0021906041016667784,0.007402768196684174,0.004837008479059526,0.0066390471930335
2024-04-03,0.005684871443210101,0.0017209863666481924,0.006046792514554427,0.0005524511902765857
2024-04-04,0.0020059169792195934,-0.0026764504784096256,0.002058030300437089,-0.00432417107939891
2024-04-05,0.004968754793421721,0.0014396789215696897,0.004886343808148414,0.001696196053117592
2024-04-06,-0.00021636573571562066,-0.0022932074317054347,-0.0002052216656728883,6.180941145227082e-05
2024-04-07,-0.013894560442181717,-0.00856137501972752,-0.013218736663595762,-0.007461824198186515
2024-04-08,0.018494863054439533,0.016184094376421796,0.017124658965817764,0.01332329708699124
2024-04-09,0.010061695878558109,0.005565976519329265,0.009630245405875202,0.003458684398523434
2024-04-10,-0.013292910425426846,-0.008099074301014312,-0.012748969041542409,-0.012941102263495763
2024-04-11,0.008909334168071768,0.0014465013885447374,0.008042002231697138,0.0016801133745516501
2024-04-12,-0.01429981852768706,-0.011444620076403178,-0.012956395364882132,-0.014221316394463314
2024-04-13,-0.005733592593391902,-0.005597765243788367,-0.005132038286720268,-0.0041137410955268666
2024-04-14,0.012586812467072618,0.007376906591579784,0.011321492247208942,0.005021037716667192
2024-04-15,0.0004977641021596377,0.0007071545361821283,0.00044824394220538064,0.0010770233027011982
2024-04-16,0.004528130217825377,0.009698016387748067,0.004036941523347205,0.004895010750300983
2024-04-17,0.0020446880344908596,-0.001944439595665287,0.0015180689994526903,-0.0017983492996779123
2024-04-18,-0.0066465519725111815,0.0038543079961960484,-0.003950890864859751,0.0035227458015738
2024-04-19,-0.0040317629631873905,0.0014007717403780153,-0.0032743309004412626,0.0012586606700692381
2024-04-20,0.018081143277505526,0.010906567543346582,0.013738256814502022,0.009843704862890146
2024-04-21,-0.003255961881503232,-0.0035917075650066395,-0.00038485965666846796,-0.0032342939808689916
2024-04-22,0.004522296040468767,-0.0057904065996081415,0.002455437353204662,-0.005248083471316671
2024-04-23,0.08010709893419735,0.05408607152226043,0.07469006780027303,0.049088100064792216
2024-04-24,-0.006764092334241515,-0.008317598007804771,-0.002277262180151317,-0.0046105014968354854
2024-04-25,-0.0029956007340342125,-0.004181881974835392,-0.002187225827889996,-0.004198784587224102
2024-04-26,-0.0011643933771335114,-0.007731590758936942,-0.002456190152853751,-0.007666770097848268
2024-04-27,-0.0013694848482356233,0.006319653235388937,-0.0005508906839798294,0.004783319955910071
2024-04-28,-0.003007856148284021,-0.0004304345651127467,-0.0015752685576953386,-0.001081302001311947
2024-04-29,0.0015201087633109104,-0.00040117554147234855,0.00038271165776898966,2.201386248247905e-05
2024-04-30,-0.0033729907483976687,-0.0016538317412365113,-0.0031048857998023428,-0.0011805202718538875
2024-05-01,0.011811371267845858,0.0077830401693734595,0.01165962356876547,0.007784104457161912
2024-05-02,-0.00027412233142222247,0.0028444340509496298,-0.0002716395417530686,0.0031877819871478467
2024-05-03,-0.003582956938006849,-0.005732806693957482,-0.00354827531714329,-0.002884040886653742
2024-05-04,-0.00926475342805093,-0.013325344415492947,-0.009175055758378738,-0.011415750804677114
2024-05-05,0.006109674244244579,0.00888356580428173,0.0060490850675148575,0.008179854660230822
2024-05-06,-0.0011154928602966087,-0.0016051730796152323,-0.001104418493254031,-0.0029983823573001
2024-05-07,0.000980579557476199,0.0027326310869225817,0.0009712086743907432,0.0006800540461959318
2024-05-08,0.005370419694865454,0.006605143538529535,0.006519358534325416,0.006558941013420218
2024-05-09,-0.0030485702389881227,-0.00023565295190813021,-0.004362510826079567,-0.0002320476648137394
2024-05-10,0.00044915690105476735,0.0070985832973843085,0.00018677834434501295,0.007163384761801353
2024-05-11,-0.005021364657213823,-0.00386541793993655,-0.003422401359361366,-0.0039061143092724887
2024-05-12,-8.718556382764931e-05,0.001955929919765911,0.001605010543513426,0.0020172237201788418
2024-05-13,-0.003685719944941202,-0.008204274406320234,-0.006242507573220678,-0.008482466541769734
2024-05-14,0.0007672960528835022,0.002074252592446283,0.001385099496795892,0.002140936039647373
2024-05-15,0.001164013588700815,-0.0039020391245405774,-0.0006359186182905091,-0.0022067373592066153
2024-05-16,0.0016314244786537872,0.004169411381122519,0.003378392036534802,0.004477187215826573
2024-05-17,-0.006064737077884679,-0.009065077372488716,-0.007378503154856178,-0.0035952585565303696
2024-05-18,-0.000580402734718481,-0.00124636045635488,0.0001688256446763356,0.0013387641791221248
2024-05-19,-0.0045486175332755405,-0.004018090880023899,-0.00424591283985899,-0.0057081944524135
2024-05-20,-0.002845985838051616,-0.008788791714848181,-0.006000580426078149,-0.007452578658418345
2024-05-21,0.001358131369309252,-0.003412908628879708,-0.0003843460454071762,-0.0026002565719385456
2024-05-22,0.005802082449528189,0.0060224302952445715,0.0056126822775007966,0.00634479808150166
2024-05-23,0.01617250182489294,0.007368825429279259,0.015092694656072277,0.008168933539084534
2024-05-24,0.020244096068533765,0.015144259665785836,0.01876931033198919,0.01668507421831364
2024-05-25,-0.006903395687881495,-0.010479540528183975,-0.0064127498279889904,-0.011589801798548212
2024-05-26,0.012022896635508637,0.01141559409564213,0.011296442922239882,0.012705281196049592
2024-05-27,-0.005278825216286162,-0.009518202497105081,-0.004959395517420083,-0.010432839943315134
2024-05-28,-0.002791752580291472,-0.014963792291751215,-0.0026139013942711557,-0.01637582740372778
2024-05-29,-0.006541351915565299,-0.010902050681138524,-0.005904931402356369,-0.011854340790243804
2024-05-30,0.0007882134338025415,0.011453149868854708,0.004967238597630868,0.012298213180496906
2024-05-31,0.00267606736955747,0.00474375017990727,0.004733874866288927,0.005082326001723715
2024-06-01,-0.00495704987325017,-0.0006350138232728927,-0.004249701021418738,-0.0006800194669858287
2024-06-02,-0.0056269600032745875,0.0010383721701438242,-0.0009836313130503057,0.001103953397906222
2024-06-03,-0.01576393431329978,-0.005829983114193284,-0.012741475542802921,-0.0061522736533274475
2024-06-04,-0.0026018601285978642,0.002311103883210768,0.0005387536541718456,0.002434543430874717
2024-06-05,0.00397963010426302,-0.003887179398080601,0.005029594233250685,-0.002583188350266902
2024-06-06,0.0014534357592291675,0.002430827328267839,0.0015078883012067336,0.0016234296071013711
2024-06-07,-0.010948228760162758,-0.005012480464815671,-0.01026992041053531,-0.009173602383703695
2024-06-08,-0.008464069463334415,-0.006556665698881719,-0.0068109761782039506,-0.012746404052828899
2024-06-09,0.0073188977223060244,0.005144230089259267,0.00582861306555766,0.00515981241225738
2024-06-10,0.010112359545201156,0.007323542290519949,0.005158837303221041,0.006513954671918405
2024-06-11,-0.002467599594849396,0.0056490520788581395,0.004742392922936183,0.0026303624157994216
2024-06-12,0.012003371499532806,0.009624636475173526,0.009665179342658375,0.011054683010748871
2024-06-13,-0.016589287667728186,-0.01582400959158045,-0.014583128682307782,-0.015621108062275072
2024-06-14,-0.0037212892615967326,-0.0019362311053439491,-0.001719468202597509,-5.9170377509957814e-05
2024-06-15,-0.00504601686320819,-0.007206462856139575,-0.0010380285813675744,-0.009085965352530196
2024-06-16,-0.0012278543495597048,0.0036347513437818384,-0.0025191996690579472,0.003475511027017539
2024-06-17,-0.01285012339595646,-0.011762516929762394,-0.007023681462116622,-0.008029946150207525
2024-06-18,-0.003706432207610208,-0.006300966208746302,-0.00684148258355773,-0.00451397516209698
2024-06-19,0.004578634487239138,0.013812038725397734,0.00527157267668901,0.013696695806188038
2024-06-20,0.007081245701444617,0.0007066208208511958,0.004107541283479723,0.0007021080718846037
2024-06-21,-0.01366049364911524,-0.01013974058614442,-0.014080438981484134,-0.010065605003738215
2024-06-22,-0.004241439233473704,-0.009036978531402375,-0.004802768231746851,-0.008974829072012833
2024-06-23,0.003341667083864248,0.0009565128673748308,0.0033347626288394603,0.0009506170929490326
2024-06-24,0.014636665150160039,0.023321324777858695,0.018096018680985884,0.023198213279697767
2024-06-25,0.007666943162573843,0.0038443411995443474,-0.0014334625736170349,0.0038263147839674287
2024-06-26,-0.0032081599356634815,0.0009151009739115001,-0.0035728477050333603,0.00538776666681849
2024-06-27,-0.005393514177615232,-0.015054603714910375,-0.0058806143557518465,-0.009651247122180484
2024-06-28,0.005402901616798,0.005152345701202971,0.005921362205060116,0.008422968169875667
2024-06-29,-0.014428839148087635,-0.004739283392068584,-0.016052138862259195,-0.005016865666839397
2024-06-30,0.0031542197593677976,-0.002976529049573381,0.0035411595698403614,0.000552313256003424
2024-07-01,0.0034743913469739373,0.00590336268321343,0.003851635664079024,0.0050830107558125
2024-07-02,-0.017941604603732397,-0.021340313456814402,-0.01982827070788087,-0.022877745686903685
2024-07-03,0.009424610022494001,0.006240365725991084,0.010412720183460835,0.003791028816682978
2024-07-04,-0.004747609088446262,0.007552375620784308,-0.005180181023475961,0.007685817326285765
2024-07-05,0.005413826363444137,-0.0010461356989039123,0.0059111385127097035,0.004025004691100276
2024-07-06,0.0003038658265235184,-0.010404079108417704,0.0003316808042815519,-0.0012452742313064636
2024-07-07,-0.006748749836411291,-0.0010326013636924368,-0.007399636362283325,-0.004962139302845378
2024-07-08,0.015031941282509256,0.008970983134168902,0.016450377002692935,0.007563213784964459
2024-07-09,0.030589712740353648,0.024937280974856705,0.0333597205440664,0.025409171252143835
2024-07-10,0.00038091267471882363,-0.0025496028236489158,0.00038903194856377616,0.004439718284825413
2024-07-11,-0.0005757180109112071,0.0053748005951806494,-0.0006115809059565883,0.005034895329972103
2024-07-12,-0.012441250804158106,-0.014274117470826334,-0.012968337226023365,-0.009933562463568099
2024-07-13,0.012300583751468825,0.023200576828526845,0.012758034513493615,0.024902899462813474
2024-07-14,0.019753665691671692,0.019038787378129876,0.020388155380665206,0.01919543819807691
2024-07-15,-0.02032870160266604,-0.011879356117686302,-0.02081583356179693,-0.016495516844490014
2024-07-16,0.003532367924800979,0.005471589222285645,0.003601908882681293,0.00148940532156783
2024-07-17,-0.00023467545368018627,0.011561429130946052,0.0020603792116610986,0.012037248399703571
2024-07-18,-0.007263950151408097,0.0014142307898656157,0.004976481777807719,0.0014704604099987917
2024-07-19,-0.013185173741380403,-0.007155224965772285,-0.009461612960181146,-0.007444573489514144
2024-07-20,-0.006006947699843677,-0.014948657533010133,-0.011180913509486854,-0.015557009800589288
2024-07-21,-0.0005787138075474832,-0.007451553381574145,0.0031551182406122803,-0.007756365230968811
2024-07-22,-0.012818039034163477,-0.013522659470692554,-0.018587157261688754,-0.01400179452974403
2024-07-23,-0.006852254259056293,0.0029745267585400722,-0.0030884167790039213,0.0030691029017998707
2024-07-24,-0.003112857399056997,0.000607583291820419,-0.0029525574580555763,0.0006257522956026386
2024-07-25,0.009205716473603269,0.015277096752375192,0.008916404202329442,0.015666499612031766
2024-07-26,0.00668299983817269,-0.0035031680226975588,0.006472451124406707,-0.0036040552214240264
2024-07-27,-0.0036065649089259805,0.0013529177866408056,-0.0035050834491792164,0.001370774628029396
2024-07-28,-0.0058385811406500175,-0.005062152062698954,-0.005681899236887967,-0.005159287727312229
2024-07-29,-0.0015923086466528903,0.0018688426799139788,-0.0015504710844533806,0.0019060215770508873
2024-07-30,-0.009185252370701662,-0.0003596167136580641,-0.008930493885821091,-0.0003669012578870134
2024-07-31,-0.00019499570180261686,0.00905853371868615,0.002577720099465322,0.007773771159440302
2024-08-01,0.004219424583728349,0.007761612985724475,0.001781842899412738,0.007628119425606471
2024-08-02,0.0017782030666533186,0.005921440821193561,0.009252608655990369,0.009696909014335151
2024-08-03,-0.0090252503705876,-0.007030230564964197,-0.004748657383447152,-0.005209225278458005
2024-08-04,-0.0005410229014981852,-0.0003282413683218818,0.0018704671968723739,-0.00048816167940498564
2024-08-05,0.026261371563493795,0.015487438201233996,0.026471037668680336,0.024805698280841892
2024-08-06,0.007084637791431621,0.017595061466622732,0.00421502831239608,0.009794937981130325
2024-08-07,-0.03144271823829265,-0.008178194265156018,-0.030447574298493298,-0.005463179172057694
2024-08-08,0.016781680182623125,0.017267253845421972,0.016095153910250286,0.017155472918759622
2024-08-09,0.0007007018960030804,0.0026135648545910343,0.0006760218529097238,0.0128864552336703
2024-08-10,-0.004937463836442016,0.0017028472516685046,-0.004786923004464718,0.0016113812631638879
2024-08-11,0.00017522912918802754,0.00013491127530067918,0.000169665516478504,0.003405023634651253
2024-08-12,-0.0030416317185088053,0.0012207840951521107,-0.0029408016428074616,0.002112116897243195
2024-08-13,-0.0018596214834140532,-0.004588056783264892,-0.0017825886319513254,-0.00457114339825612
2024-08-14,-0.005173496020677348,-0.003307300055373481,-0.004971017939416406,-0.0032039657906714875
2024-08-15,-0.008173507861139392,-0.0073305311136504184,-0.007837490503865329,-0.006950200947431893
2024-08-16,0.0027866027993919238,-0.00154588483505667,0.002671821321508819,-0.0014515151387460947
2024-08-17,0.0008852831513176472,0.0012952507244429364,0.0008500710333476887,0.0012165859496992388
2024-08-18,0.003536381625775386,0.0027417561173686826,0.003364865825709035,0.002577270866311567
2024-08-19,-0.0037168161645475626,0.002584506516953208,-0.003578818214311783,0.002426704001229467
2024-08-20,0.010923949035775135,0.0019792908698237767,0.010542687815035055,0.00186017893309382
2024-08-21,0.007187483821346923,-0.002277089959751925,0.00686121960947521,-0.00832239506223141
2024-08-22,0.009358717152616821,0.01206324713141258,0.015785738713201904,0.006159087836420957
2024-08-23,0.0047618370025789315,-0.005510054830433961,0.009539581428991669,0.0052802067175219064
2024-08-24,-0.0013631982762494805,0.0002173759902006004,-0.0037446389383576245,-0.0014494179797466527
2024-08-25,-0.0058747762278155684,-0.00834153003728177,-0.001792992889677314,-0.008693286674894309
2024-08-26,-0.006106390135003378,-0.006805849158272582,-0.005643227499796611,-0.009190780411488235
2024-08-27,0.0011493872395395691,0.004028813966571986,-0.0020629353084149473,0.002666464895178291
2024-08-28,-0.0033544440996482894,-0.013181527762620094,-0.006101817961621103,-0.008888243093123884
2024-08-29,0.005819298240917315,0.00031732953672276387,0.0010111592037586456,0.0010838678905396772
2024-08-30,0.004172408224672041,0.0035368432232569568,0.003501757228043431,0.0008768824030712249
2024-08-31,-0.0038553117016309544,-0.006526295564650694,-0.003446707445352202,-0.003779046694994974
2024-09-01,0.003035201565591726,-0.004533827375001022,-0.00010085138049277997,-0.0029476917486117573
2024-09-02,0.0006604553073830232,0.005409490997805249,0.0036754289082451667,0.00207322278266437
2024-09-03,0.0027546316746648366,-0.005915886928117756,-0.006355325720847324,-0.006991365446183534
2024-09-04,0.006064690047038909,0.011345907225003013,0.006045272007480056,0.01184363097286982
2024-09-05,0.0011890351270470447,-0.016158257364984052,-0.0032814336729669134,-0.01503549569834522
2024-09-06,0.005756288528547787,0.004500102933496586,0.010033574167134903,0.004148199264383501
2024-09-07,0.008074078572135575,-0.00023591083867126946,0.005087039866996231,-0.00018974963195933904
2024-09-08,0.009999039023598636,0.011352824809106115,0.01488644475073502,0.011604239356709017
2024-09-09,-6.466584429978047e-07,0.009804953973799812,0.009321585702533055,0.010117617963131799
2024-09-10,0.02735907505190144,0.02080750968620574,0.02009892195476543,0.021814254228589836
2024-09-11,-0.01448902449989634,-0.006956783860392998,-0.005342632829674198,-0.0024579415294876056
2024-09-12,-0.013558223752914928,-0.02085880768284215,-0.016240966284198487,-0.012941401016671404
2024-09-13,0.010326433616003532,0.008364965830924963,-0.004049219963034443,0.0036065450819970832
2024-09-14,-0.001381616779734816,0.0005748316373558233,-0.004293453202479228,0.00445445719008825
2024-09-15,-0.013019855695172142,-0.01633539881207768,-0.0010876979818939825,-0.012385244518766086
2024-09-16,-0.012716991020580963,-0.0041529052113230686,-0.00459295921994198,-0.006999668559055309
2024-09-17,0.009902151707665887,-0.001064909747654327,-0.005165719729122182,0.01113979915102833
2024-09-18,0.002155569985525721,-0.0028232776050572312,0.0020302883033490116,0.007643019072083735
2024-09-19,-0.006781176807481122,0.0013508351253027338,-0.00600031884912698,0.005886841679437246
2024-09-20,0.0006164923359372158,0.002407833479074127,0.0005455464592703041,0.011335626697765827
2024-09-21,0.00024750738652195377,0.01629638614915227,0.00019336365257773084,0.016527042816392654
2024-09-22,-0.012800919194983534,-0.016389365847176502,-0.01285212320050163,-0.009000083305323831
2024-09-23,0.008460784584876292,0.02028324373876674,0.00852173699958956,0.01810620138424838
2024-09-24,-0.00030643062894228183,-0.006492714614561339,-0.00031326201299820415,0.006678226993526288
2024-09-25,0.005299514537128575,0.0030673532351425674,0.00520306601783399,0.006268292371987062
2024-09-26,0.011529911062175872,0.0028951981096219364,0.011337162595401478,0.0022012921743227573
2024-09-27,-0.002126717680417762,-0.0015154836646122374,-0.002129203212564459,0.00020912142843067152
2024-09-28,-0.020328291547841,-0.01954351729431808,-0.019920991494800266,-0.02410712576416786
2024-09-29,-0.0145749971043571,-0.0027633756327906395,-0.014282498092465819,-0.004545203169385761
2024-09-30,-0.0031897560480257073,0.0009259173259356664,-0.003139024187696946,-0.0008108381926833333
2024-10-01,-0.016085282381418445,-0.01357149520338557,-0.015851314598148952,-0.018436905262305597
2024-10-02,0.0001533191761674926,-0.006859078170329211,0.0001499031180275627,-0.00808989440679264
2024-10-03,0.014371300466960916,0.01791086278394635,0.014540754856162335,0.012311111952224955
2024-10-04,0.009360231245707475,0.002656809799233009,0.009480637857949663,0.016570042465543135
2024-10-05,-0.00055015849865832,0.0020163567644788725,-0.0005573092516631375,0.000216285098707442
2024-10-06,0.004648168185902785,-0.002222823006705189,0.0047936598970903105,0.0066828411200810294
2024-10-07,-0.01097185123735525,-0.016271530554985248,-0.01126583350705975,-0.01911447041841782
2024-10-08,-0.004831543141815292,-0.0039030781312090882,-0.005142803512183011,-0.0035301291664599577
2024-10-09,0.0071008412853576725,0.003243513395943177,0.002469187053703688,-3.8251151625109756e-05
2024-10-10,0.03196078580823146,0.020554784786482268,0.033366745168031495,0.01711583765011335
2024-10-11,-0.014890799464438106,-0.012016233215647182,-0.0011691272490628785,-0.0023145928739942362
2024-10-12,-0.021484104979288116,-0.013656244769623843,-0.0127532738925706,-0.00980936807324813
2024-10-13,-0.005597528574510057,-0.004521148960110596,0.0002820890398916016,-0.005734728304534117
2024-10-14,0.004893478881096902,0.002445584526294229,-0.0026469571951774407,0.0006027766188042641
2024-10-15,0.014198607201976658,0.00921017048250318,0.00508552228873339,0.005118583343776224
2024-10-16,-0.013224887498069939,-0.015193826876652505,-0.015393201990791357,-0.01542668512799965
2024-10-17,-0.004401500094467742,-0.006680348711264411,-0.0052383530714569,-0.006944448528645436
2024-10-18,-0.001930881433855228,-0.005466218403098165,-0.0022807462092716262,-0.005666134375618809
2024-10-19,0.007515714624316567,0.003439404470514759,0.008854592185218809,0.0035308374538454645
2024-10-20,0.001967483305250107,0.007458059276399336,0.0023178316285468424,0.007767704849096566
2024-10-21,-0.004787803984256949,-0.0019173542355985207,-0.005613206217876974,-0.002017393892642726
2024-10-22,0.006922739729807646,0.005899631288004177,0.008153040895703657,0.006025308369242822
2024-10-23,0.001258898397280455,-0.0029564273070944395,-0.00044150590554847965,-0.0030202425092063744
2024-10-24,-0.00773992070308776,-0.0016043651841688652,-0.005195085136570128,-0.0016205169258750815
2024-10-25,0.002194163313289757,0.0010364406622121291,0.005278029759899129,0.0010518659699384418
2024-10-26,-0.012839406149644076,-0.013352676662942282,-0.01308015896179267,-0.013558691999099572
2024-10-27,0.004496304650487802,0.005120151737594106,0.013524960271993102,0.005204012602264797
2024-10-28,-0.015718089237027145,-0.02022535293729266,-0.006028509909044289,-0.020768453610362992
2024-10-29,-0.0076168474542200534,-0.017319245158909077,-0.018003591256111638,-0.017797060877955764
2024-10-30,0.0023923228501976424,0.0019469039980844532,0.0028390766329565763,0.0019842262061536145
2024-10-31,-0.0033427918578762456,-0.0023463700258971065,-0.0039009329867950816,-0.0024229726201925807
2024-11-01,0.005002976640678549,0.0036677670699031104,0.005830302732450995,0.003806077693685937
2024-11-02,-0.008629079601557513,-0.00536400287481522,-0.010110110753143007,-0.005333025772807233
2024-11-03,0.0008003194702185404,-0.0038320107428208945,0.0009382107220195647,-0.004104195645231065
2024-11-04,-0.000995393222345467,0.0007811947395834199,-0.00116252791498464,0.0008296876783567145
2024-11-05,0.00322551268999339,0.0005041280284011756,0.0037579578300280764,0.000535071725458866
2024-11-06,-0.026656387057333374,-0.019463410781539958,-0.022838614775313383,-0.021546932197996704
2024-11-07,-0.0031332903735619877,-0.0014759890287692078,-0.010425679377626585,-0.001632434337338172
2024-11-08,0.016447135437860413,0.02859757382201136,0.02091472006042629,0.031038644351896797
2024-11-09,-0.031354310722583455,-0.03797166835837117,-0.017121584039898344,-0.04059218289470678
2024-11-10,-0.024757004423327574,-0.030162394687784568,-0.030368502758937523,-0.031092859001426155
2024-11-11,-0.025405122040818396,-0.02226517644892649,-0.03823142395061461,-0.022587068227061812
2024-11-12,0.010513692600153796,-0.003516647573694854,-0.021324437946820516,-0.0035637101526089367
2024-11-13,-0.02660413142090839,-0.023651245768955317,-0.024949616135719718,-0.0239018521303636
2024-11-14,0.018351042679981926,0.003195127297232511,0.009820723506292598,0.003198517869685507
2024-11-15,0.025470112077226877,0.011805499294548055,0.024906861208865698,0.01180549929454806
2024-11-16,0.06696571187332225,0.05659553097240564,0.04305350086589721,0.05659553097240567
2024-11-17,-0.012062822246186293,-0.014966709778496555,-0.008222837838439625,-0.01496670977849656
2024-11-18,0.029875157019239915,0.03416831131876068,0.03424606386487077,0.03416831131876069
2024-11-19,-0.00249615605566626,-0.0051190697009591045,-0.004727899545804504,-0.0051190697009591045
2024-11-20,-0.004906235450753442,-0.0007532516030048454,-0.006279000939164013,-0.0007532516030048455
2024-11-21,-0.0022200951845879786,-0.002932138472777469,-0.0028488845148546198,-0.002932138472777469
2024-11-22,0.014938341069098422,0.020980634373026837,0.019137558713591254,0.02098063437302684
2024-11-23,0.005245926097971368,0.022833683975165074,0.006713166741138233,0.02283368397516508
2024-11-24,0.0005950859982223364,0.003500296561137545,0.0007334388307979123,0.0035002965611375457
2024-11-25,-0.0019960846395624308,-0.004076607647240313,-0.002463601510892035,-0.004076607647240313
2024-11-26,0.009383659340727268,0.0032680620445089295,0.011609059415890693,0.0032680620445089304
2024-11-27,-0.001945333707737665,0.0011591310822958614,-0.005013663040634281,2.860107647353262e-06
2024-11-28,0.0015735944568668273,-0.00039144299879950657,0.004741759244883087,0.001875690930748049
2024-11-29,0.004056981636702397,0.0076594224870186,0.016677483083626928,0.01009022368540682
2024-11-30,0.002482160729112277,0.0018239948174277147,0.003649401006849445,-0.0007347743091645362
2024-12-01,-0.0020687365423403222,0.002098154558600862,0.009648261966515963,0.0019334299406508558
2024-12-02,0.011877415745416961,0.022205275634754083,0.03250783619262402,0.020316440396198274
2024-12-03,0.009877522117416515,0.0036333674836151685,0.003056473917046527,0.0026777131029491206
2024-12-04,-0.0055062052900801215,-0.0062320017498758255,-0.007254039796421243,-0.008088170218624307
2024-12-05,-0.0017772303751147456,-0.004758173014287586,-0.002266595272377923,-0.003198390012964116
2024-12-06,0.001373093892730086,0.003833233777378678,0.0029831572059085838,0.007637721549559168
2024-12-07,-0.0040116753959485284,-0.0038951051505656197,-0.0026883210635321383,-0.005941743240586377
2024-12-08,0.002626642756994942,0.0022829487908812302,0.0027917531899746446,0.0015692986289962548
2024-12-09,-0.01289565303169102,-0.010765927631665137,-0.014682967864000486,-0.012107969650074463
2024-12-10,0.0012439182314987686,0.002087447806182496,0.003591904725228727,0.002694136139976092
2024-12-11,0.007580724120899168,0.0037416294212910856,0.006299200555293217,0.003637033877968333
2024-12-12,0.0003690469712963462,0.0009638481306783698,-0.0014254101553842914,0.0009445768866430282
2024-12-13,0.0002759735154865568,0.00011770471096023644,0.0001297521184985276,0.00011535242526710223
2024-12-14,-0.0014619417310998823,-0.0004481098938194334,-0.0018093164687018957,-0.00043838933668715203
2024-12-15,0.0006128048662746346,-0.000661218433740218,0.0008844699705607098,-0.000646997324427329
2024-12-16,-0.0062748095958450895,-0.004369465212525361,-0.00577574016633881,-0.004259853369924629
2024-12-17,-0.005689612089326181,-0.0048847306850737255,-0.0036042095048862085,-0.004756878198439025
2024-12-18,0.00097825017812239,-8.80004181214673e-05,0.0005566350967903361,-8.458531300265472e-05
2024-12-19,-0.004450480530397619,-0.004038598622780284,-0.002822057234077724,-0.00391241435198355
2024-12-20,0.00810822575205788,0.0028076719097436635,0.006806924542209869,0.0027197704229463865
2024-12-21,-0.0048183170662306225,-0.0027404122356637713,-0.003454133078114974,-0.002655069984591377
2024-12-22,0.00857317198366021,0.007781926435684983,0.008386110711449478,0.007498883870545786
2024-12-23,0.009570850815631434,0.0059505945675789925,0.006373827273921052,0.005671830287015322
2024-12-24,3.822417120528188e-05,0.004226090636469954,0.0013372793944365043,0.004030222640423388
2024-12-25,0.001026958901230439,0.0010318232194948176,0.0006852551854726015,0.000982982463529321
2024-12-26,-0.0018322892408949118,-0.002238332702122512,-0.0012217174846001781,-0.0021317115919447967
2024-12-27,-0.0016965817858008963,-0.0023844757781265272,-0.0011427645529265452,-0.002271557076767699
2024-12-28,-0.0018017435482599034,-0.0021447573722962595,-0.0012127888223564718,-0.002043463151542952
2024-12-29,-0.0032566550305304803,-0.0025679668969250252,-0.0022918072862341218,-0.0024999484456794006
2024-12-30,-0.002145016100840595,-0.0031354144937848164,-0.0015016112072451626,-0.003047175826828585
2024-12-31,-0.0044496935321945135,-0.0022889078793667957,-0.0031727270665451376,-0.0022246546539819996
2025-01-01,0.001277682112341225,0.0056791033785477014,0.0012046444616110887,0.004977245176818956
2025-01-02,-0.006661080589111442,-0.0015469803553908596,-0.00590005381797313,-0.0013292079732279917
2025-01-03,0.008721870749272888,-5.1579969914525135e-05,0.007879625241931315,-5.105022743380118e-05
2025-01-04,-0.006981790561823216,-0.008999460526063478,-0.006323626330737178,-0.007741443533016791
2025-01-05,0.0026467430883035463,0.0016279265995893316,0.002429591797312868,0.001474416037199251
2025-01-06,0.0002498028552002733,0.0005708087439977406,0.00022812255986168653,0.0005296165639713218
2025-01-07,-0.006467253728731988,-0.00969390904453145,-0.005872417191488424,-0.009078656594915016
2025-01-08,-0.003800464271588298,-0.011006613049015328,-0.0036257173120809636,-0.009212678189619693
2025-01-09,0.00020881379641987487,-0.0031793101218566032,0.00020377132367914672,-0.0035551703430215208
2025-01-10,0.0026468622005721646,0.003380851063778371,0.002457317593243179,0.003591540170638681
2025-01-11,-0.01064747729683957,-0.010156948698683669,-0.009841094670042154,-0.009604832478059565
2025-01-12,-0.0022921839921753308,-0.0005933558356382529,-0.0021192259514312937,-0.001001754842345037
2025-01-13,-0.0018892577891313424,-0.007554282824352931,-0.0017511787882259389,-0.005777996809055665
2025-01-14,-0.002616152823190984,0.0018669391679501132,-0.00242629445959336,0.0003010612282068103
2025-01-15,-0.015630201738723346,7.306291070996442e-05,-0.014617228131258254,0.0001308643579302226
2025-01-16,-0.0008180398423882074,0.0011917394184031284,-0.0007390774491260397,0.0012093647690461023
2025-01-17,-0.0004134575152146639,0.0027519071745933273,-0.00037773350965020246,0.0027977084486268183
2025-01-18,-0.03724263172573863,-0.043691869377797184,-0.03394378939920698,-0.04449076864249398
2025-01-19,-0.013737150291254299,-0.011990865878318175,-0.012604072023325915,-0.012217489840169392
2025-01-20,0.0014955966948948843,0.00573488671062513,0.0014212629224263675,0.00578611473550808
2025-01-21,-0.0027830182338956216,-0.0022305648272117713,-0.002787921310243488,-0.0022554566690005406
2025-01-22,-0.004075486637253619,-0.005055994532062768,-0.0040252358635828695,-0.005115525148578617
2025-01-23,0.0027208484453297,-0.00018263757834966214,0.0027161591409300104,-0.00018520081380289468
2025-01-24,-0.007137383760424606,-0.005468181609281662,-0.007137383760424637,-0.005535870166707761
2025-01-25,-0.00021809388364439278,0.008132845733329239,-0.00021809388364439343,0.008234170913895804
2025-01-26,0.008551220917927522,0.01352537354641229,0.008551220917927557,0.013693973786495912
2025-01-27,-0.0069720884808158095,-0.0027203152858589937,-0.006972088480815841,-0.0027534019565607446
2025-01-28,-0.005235649802731968,-0.0017315617387884783,-0.00523564980273199,-0.0017515653486727045
2025-01-29,-0.0005764627751293947,-0.0008056921934458791,0.0013823082128247774,-0.0008151073135008714
2025-01-30,0.005336351797212909,0.0021746372630440628,0.011955630651675207,0.0022000040809239873
2025-01-31,0.008510073118496803,0.006244833842317881,0.008743917164859324,0.006320120420156531
2025-02-01,-0.00555908330546191,-0.011504302445986962,-0.0073915267569612956,-0.01164325794699948
2025-02-02,-0.016341547578880854,-0.021055423999502807,-0.01977614432184424,-0.021305612343713795
2025-02-03,-0.008350989607327558,-0.00013873786240637905,-0.00738935452334351,-0.00014047128687162246
2025-02-04,-0.00806595820946446,-0.008695324538482568,-0.005360724660232794,-0.008782739150466744
2025-02-05,0.01453838037900215,0.013338908251274326,0.013654422115564283,0.012332678001881123
2025-02-06,-0.010834665685597976,-0.007747610720560187,-0.010139490810437484,-0.010047571923487847
2025-02-07,-0.006446034188466087,-0.0020573474937422066,-0.00608739760979006,-0.0038885971574648182
2025-02-08,0.012351436829662178,0.006991816656326353,0.011669733321161474,0.012323324883502613
2025-02-09,0.004037950941681032,0.006825401804917937,0.0038093471165978965,0.00928635560597341
2025-02-10,0.003929392783796264,-0.00039211204334429323,0.003732413312367169,0.002331081243794804
2025-02-11,0.004820153753136252,-0.008605048956023539,0.004582800081235918,-0.0047455602370794926
2025-02-12,0.011178342877504492,-0.0004591647846695938,0.010641385881432102,-0.00039367325969722015
2025-02-13,-0.009131522211974847,-0.008317613488384005,-0.008706121940075645,-0.008073321540110333
2025-02-14,-0.00946356372845023,-0.0026391564627626274,-0.00904273288965295,-0.002562148727872973
2025-02-15,-0.005240590328423095,-0.005525133577003469,-0.005009947491149079,-0.005359687107899662
2025-02-16,0.004701503731843011,0.002023690489798482,0.00449644772114411,0.001961537355674575
2025-02-17,0.010911865486639877,0.007871720464935958,0.010189627043714575,0.007516100145298493
2025-02-18,-0.006457010379445668,0.0056249266306279775,-0.006015434326914776,0.00537048375268446
2025-02-19,-0.004931828045988512,0.0002026189981899689,-0.004613488638911203,0.00019358221589253926
2025-02-20,0.006002255146297743,0.004427541553908329,0.0056199036531813015,0.004238696204568879
2025-02-21,0.008608861479801994,0.008914590891816078,0.008060910470040072,0.008537265994327817
2025-02-22,0.0016351476606300591,-0.0037639607791035284,0.0015331932471410739,-0.0036088509727922454
2025-02-23,-0.00414259680681864,0.0014212728060989108,-0.0038902094828347816,0.0013695626695275588
2025-02-24,0.010352232376679808,0.013122933239821073,0.009725320061598266,0.012587207631532154
2025-02-25,0.0007692790081933374,-0.0037567688406882267,0.0007217421582528497,-0.0035732914638189595
2025-02-26,0.03406789397545866,0.024274232890915588,0.032006112948947736,0.03233230765823499
2025-02-27,7.871322442547347e-05,-0.0015626565031826576,7.408233902347443e-05,0.0025266707843543154
2025-02-28,0.0020520290878061767,0.010630057066183946,0.0019762268905682222,0.009096483307352939
2025-03-01,0.0074475022066870355,-0.00011794886975883325,0.007249682923389265,-0.0018204687227274144
2025-03-02,-0.04712197194263303,-0.07886696008806038,-0.0459249812630946,-0.0778257413845748
2025-03-03,0.009989924780517571,0.02255927311768051,0.009785803906079112,0.022915808137349766
2025-03-04,-0.0068452416760599105,-0.005365074816333745,-0.006863343604367591,-0.0055920659418606826
2025-03-05,-0.0013615485217754017,0.002096722809025748,0.0036034495397166406,0.0028060928466422455
2025-03-06,-0.002504441455897131,-0.0012005679004457451,-0.005067448047538987,-0.002076022910339468
2025-03-07,0.00447208582939508,0.004485644222826304,0.0035966599381253893,0.003971963602670857
2025-03-08,0.001216213621958933,-0.0008353911497994983,-0.00038597634780612137,0.00028464628238667
2025-03-09,0.0014219773554773167,0.00010838263296443222,0.0013488071811937456,-0.0023946189273902044
2025-03-10,0.000872563038932591,-0.0009612455324077478,-0.0016278697491515703,-0.0007119384263351663
2025-03-11,0.0011594775013773668,0.0008805981026550546,0.0007452332450822219,0.004330990098678553
2025-03-12,-0.0043297814032322544,-0.0032464275190592913,-0.0042496553120864086,-0.0022330500512155265
2025-03-13,0.005089636959256024,0.0023461122219884164,0.005058401728662796,0.006881648449432647
2025-03-14,-0.003047159315801891,-0.0002529595914546111,-0.003030137945558434,-0.0024811702580135354
2025-03-15,0.005498200342086256,0.009054148827404383,0.005463692241183713,0.007580149654436254
2025-03-16,0.0015671042389389512,-0.00011051688134070862,0.0015567313132638873,0.0007325631897107044
2025-03-17,0.0016048375724962598,0.0006839201751403839,0.001593196859321467,-6.481684090662281e-05
2025-03-18,0.002616354214800124,0.0031979918047490255,0.0025977925181193936,0.004010685791556085
2025-03-19,-0.015793242053892303,-0.007140392854853276,-0.015683711569445195,-0.00637610490012132
2025-03-20,0.007930339412600566,0.00292817994952539,0.007872232511608438,0.002599933412553591
2025-03-21,-0.003313085419941799,-0.0027751088043280105,-0.0032927528845482206,-0.0024679563084298623
2025-03-22,0.006856393973056149,0.005276835563092585,0.006814518714412759,0.004694798359162818
2025-03-23,-0.005896586012083847,-0.0020413233492739898,-0.00586293026499192,-0.0018135960039815874
2025-03-24,-0.00041562086447028416,-0.000462699494752245,-0.000413214501319912,-0.00041153150756032794
2025-03-25,0.0021439718609337285,0.00040699936054289714,0.0021318727453376683,0.0003623008105095469
2025-03-26,0.008390953676917843,0.004039803889529013,0.008345213664940166,0.003987122720712422
2025-03-27,-0.0013871674861736024,0.004413995392782175,-0.0013795303021435271,0.0035801388303554173
2025-03-28,-0.004999359771492089,-0.005250180000566324,-0.004969871640126234,-0.0037918625853258533
2025-03-29,-0.006731950179787457,-0.002984278382515751,-0.006692880696533195,-0.0027556139259041715
2025-03-30,0.0005051183388967768,0.0028763071652944667,0.0005024863067003083,0.002256344035321422
2025-03-31,0.0009111446470153647,0.0038256674806477864,0.0009065996494503854,0.0037343069128669077
2025-04-01,-0.006677203333814765,-0.008541452123576843,-0.006556890413614208,-0.008651622286031444
2025-04-02,-0.0014992185471520056,-0.004876977993303378,-0.0014723616694321078,-0.004986054422147404
2025-04-03,0.01600836732759625,0.01814726739675274,0.015702214254584446,0.00597984358903796
2025-04-04,-0.0006390338074374473,-0.0039108302252803965,-0.0006386086297623818,-0.010053245041010836
2025-04-05,-0.005430308353360631,-0.004521453284416474,-0.0054388854857240964,-0.006996277184528632
2025-04-06,0.004412819865907754,0.0003437808957687566,0.004408965861742596,0.0043082117459275334
2025-04-07,0.006607923599086554,0.019807021372657392,0.006600242678482543,0.020089214138003304
2025-04-08,-0.003551206109720789,-0.0005943658193150353,-0.0035462745904683477,-0.0018420178876546595
2025-04-09,-0.006152809879598155,-0.01246396314885004,-0.006154219646766194,-0.011540558441805255
2025-04-10,0.010725136477944531,0.010321481254079626,0.010724968205986517,0.009687992678563953
2025-04-11,-0.013917337203570872,-0.009595886707951157,-0.013917337203570952,-0.00899595582022973
2025-04-12,-0.008552279502745468,-0.01665894359311118,-0.008552279502745513,-0.01643529765782508
2025-04-13,-0.008574350514053726,-0.008238918277156438,-0.008574350514053773,-0.008218659372047557
2025-04-14,0.002752384288406483,0.00735552185109214,0.0027523842884064975,0.007323110528640888
2025-04-15,-0.0040427699448495275,0.001667076404867544,-0.004042769944849548,0.0016653051820850172
2025-04-16,-0.004419575491589871,-0.0018882328909404001,-0.004419575491589892,-0.00201727085547106
2025-04-17,2.8957558341127663e-05,0.005535600150864294,2.8957558341127185e-05,0.0055571104108022625
2025-04-18,0.007536881534014795,0.012693233285355675,0.007536881534014843,0.014704795402667312
2025-04-19,0.0021832111214032043,0.009992188395183078,0.002183211121403221,0.010673895006950259
2025-04-20,-0.001296380991609099,0.008606020686351877,-0.0012963809916091088,0.009934666335448188
2025-04-21,0.0013500636615315137,-0.005278565072146933,0.0013500636615315258,-0.009991131918575999
2025-04-22,3.566649001629387e-05,-0.019381883730677504,3.5666490016296156e-05,-0.018364157053678713
2025-04-23,0.010666245459380901,-0.0027271948920463587,0.010666245459381,-0.0034199070824768234
2025-04-24,0.026371230354355183,0.0064222246758286125,0.02637123035435541,0.007030518902501974
2025-04-25,0.006644490485803318,0.003505412980940726,0.006644490485803384,0.001900062062382845
2025-04-26,-0.007277383092032634,-0.001915054130056864,-0.007277383092032689,-0.0046090575566317135
2025-04-27,-0.013364229750369973,-0.01552298564726503,-0.013364229750370077,-0.010405557403058404
2025-04-28,0.031140518266817626,0.022893900314903286,0.031140518266817872,0.026513087669234256
2025-04-29,-0.0009524000577269473,-0.0017861487954748932,-0.0009524000577269548,-0.0029575693187779382
2025-04-30,0.00917834824932298,0.005343017013568288,0.009178348249323027,0.0050858351548723766
2025-05-01,-0.013580014701757818,-0.0072103951997558,-0.013580014701757894,-0.006890635419064405
2025-05-02,0.0011358681094541885,0.0033617657658425296,0.001135868109454195,0.003212452412957315
2025-05-03,-0.011574655641908313,-0.01335343643980061,-0.011574655641908377,-0.012329479090554612
2025-05-04,0.002941979587580903,0.0009057566799700018,0.0029419795875809188,0.0008426273097705215
2025-05-05,-0.003094232677306511,-0.00706953418126393,-0.0030942326773065274,-0.006668983134461783
2025-05-06,0.0006873859947081923,0.0025882758587664205,0.0006873859947081964,0.0024482009889626455
2025-05-07,0.0035593158673520296,0.002581602841943725,0.003259567709396757,0.002453878943501634
2025-05-08,-0.018116722154081225,-0.013084117377649855,-0.011215396460753108,-0.012454254946889972
2025-05-09,0.01584874104336188,0.008108688602222155,0.009222766642542065,0.007706763396415424
2025-05-10,0.012789766721566192,0.004207080231615387,-0.00703722611855248,0.004000464887719061
2025-05-11,-0.000530189722738832,0.0015371607259956307,0.0053467928756738585,0.0014632672730413177
2025-05-12,-0.004301211274339544,-0.005998742805269077,-0.005954078639887463,-0.00568248777450737
2025-05-13,-0.010580810572522109,-0.00839160207989517,-0.013706454006069657,-0.00794107887543147
2025-05-14,-0.004762938689042226,-0.0072795780025414186,-0.005538296867800541,-0.005732884917410067
2025-05-15,-0.005834193054398503,-0.007620217453783857,-0.001652914505967892,-0.006899345606305458
2025-05-16,-0.00070956492469993,-0.001476373342450635,-0.003748111708534036,-0.00035618617997712585
2025-05-17,-0.005453664092874831,-0.004292294429528459,-0.0019433230241736146,-0.0040162596542496105
2025-05-18,0.0037686383330140364,-0.0007456845597189963,-0.0015283903355711424,-0.0014628007139496138
2025-05-19,-0.0026264246647863107,-0.0021532209690950472,-0.0016884927454670303,-0.0024307160414932397
2025-05-20,0.004491834715386076,0.0042486779424605586,0.004499486417147334,0.003896356980931877
2025-05-21,0.013970519926903409,0.00742713180961323,0.015292005831284403,0.007149480939813621
2025-05-22,0.007616552704180491,0.004869505430037044,0.008376744446540707,0.004703775438673468
2025-05-23,-0.0031657390032615003,-0.002090231206514951,-0.003459812706826504,-0.0020215907734409803
2025-05-24,-0.0061145784818098705,-0.006779294912190764,-0.00679598020586816,-0.006580321082208498
2025-05-25,0.006962977201816207,0.0028335005344804795,0.0077517952100243205,0.002739936325204804
2025-05-26,-0.0043951641442707265,-0.007717270749876298,-0.004893286194298318,-0.0074832418865185555
2025-05-27,-0.016569594249936398,-0.013067049247634167,-0.018416345154376818,-0.012206129054170348
2025-05-28,0.00240546547582636,0.01808573940713517,0.0023606343697672063,0.01816890428436087
2025-05-29,-0.005853773343621418,-0.001260143176875372,-0.007485016695088046,-0.0012691656019371098
2025-05-30,-0.01219032121113158,-0.01782673526928661,-0.01461971891107574,-0.017943277505192038
2025-05-31,0.008243744177605391,0.008146577317853875,0.006132467570659259,0.008203121460779932
2025-06-01,0.007745089518250191,0.006787314830913513,0.005645945339897807,0.006826314681452631
2025-06-02,0.010235544287847093,0.01472343665380998,0.013542127740376995,0.014826613409133691
2025-06-03,-0.0030724392208138335,0.0006420657898457047,-0.00166458778182077,0.0006465126744720399
2025-06-04,-0.019671899637682067,-0.01895104603442254,-0.02277062880158691,-0.01934611538764282
2025-06-05,0.007986545731762487,0.009538821852933454,0.009217745965713649,0.01198986152254845
2025-06-06,0.0012663476339612048,-0.0038297506624151013,0.0014354646464175777,-0.005821555648039703
2025-06-07,0.004842563872290706,0.010131464790329125,0.005283458701212875,0.007888125629984756
2025-06-08,-0.0038392445427696343,-0.006285864749561256,-0.0040189082481179375,-0.007281861578872841
2025-06-09,9.440177757132572e-05,0.0038921130768575733,0.00011644789852897772,-0.0006693339603956849
2025-06-10,0.004595950097799862,0.006977005230891787,0.004674732054748594,0.009220922393195599
2025-06-11,-0.0013965649992584237,-0.003948701370687306,-0.0014259315730955153,-0.0038677230468156364
2025-06-12,-0.008379217256832577,-0.01267640177505942,-0.00866512366468741,-0.01254863052150147
2025-06-13,-0.012655478399196292,-0.00936629968836615,-0.013091971360693578,-0.009215364848487001
2025-06-14,6.914163360381291e-05,0.003581331047290154,6.548041820554238e-05,0.0035205448516995785
2025-06-15,-0.008707010599495479,-0.0122884700899559,-0.008938493980386451,-0.01209366265853412
2025-06-16,-0.002443282393467618,0.0012396918524072583,-0.002485693486743696,0.001219449878985373
2025-06-17,-0.006773285189772784,-0.005117046906179497,-0.006865751000621899,-0.005040428445841468
2025-06-18,-0.0023469999603361186,-0.0005660924014757352,-0.0023761118656704184,-0.0005579353559265181
2025-06-19,-0.007900333567743159,-0.004624332772636182,-0.007995593987573218,-0.004558084252683506
2025-06-20,0.011093104289172855,0.00892373689980498,0.011268951909607298,0.008797162604684902
2025-06-21,0.005137273578367406,0.003928303890792714,0.005231462913665911,0.0038747721900818516
2025-06-22,-0.0030895384744556004,-0.0004060578902570432,-0.0031401375548789907,-0.0004006670122591491
2025-06-23,0.0020362761520765897,0.006116157386433538,0.00206567717893462,0.006025825049684681
2025-06-24,0.0023611936045810503,0.0035242052875709426,0.002399258927853809,0.0034723184208947247
2025-06-25,-0.014725620607949292,-0.01469875840402463,-0.014959321053386538,-0.013110902592748046
2025-06-26,0.0012596844385438077,0.0001319690252871428,0.0012801622262732764,0.00015495581308848312
2025-06-27,-0.0033128242099384766,-0.003971532615941613,-0.0033651821016458224,-0.004877911639614579
2025-06-28,-0.003570202255854396,-0.005614590854451153,-0.003632970677689748,-0.005011450959129747
2025-06-29,0.015224542258474968,0.011698232966878955,0.015546529674725314,0.014123400604539402
2025-06-30,0.002168406624250604,0.004401916901790928,0.002190046200253413,0.0016862400257418376
2025-07-01,-0.014791790920266053,-0.014936363470252123,-0.014653303725052313,-0.014046592732245759
2025-07-02,0.0098198490165963,0.004573504515143924,0.00982132863174016,0.00916360806808963
2025-07-03,-0.008005185711594755,-0.011164094877520774,-0.00800570676794271,-0.010214521482722089
2025-07-04,-0.00911949476225042,-0.005390748495399679,-0.009119494762250536,-0.005628435662375028
2025-07-05,0.0039061978596124695,0.0024197292669428405,0.003906197859612524,0.002804033587785795
2025-07-06,-0.012081846590596397,0.002378707503317429,-0.012081846590596565,0.00012123316883959956
2025-07-07,0.005756193661829526,0.0018189699711623046,0.005756193661829607,0.006973122154307924
2025-07-08,0.0014441196046198611,0.00973622378190638,0.0014441196046198798,0.008323365003407414
2025-07-09,0.013286779355359171,0.019065067397445356,0.013286779355359348,0.018080144390900332
2025-07-10,-0.0016422976884082601,-0.008506161607242501,-0.0016422976884082861,-0.00830605888744454
2025-07-11,-0.005944311299152254,0.0207624737028053,-0.005944311299152329,0.020383591744711046
2025-07-12,0.0035092772095171696,0.020102024171984048,0.0035092772095172134,0.019723836143419972
2025-07-13,0.038561900085101145,0.07135360733028087,0.03856190008510168,0.07048251493611297
2025-07-14,-0.007284269158058963,-0.019682464067657144,-0.007284269158059064,-0.01950065249393061
2025-07-15,0.006012345029428804,-0.0037570906704308144,0.006012345029428846,-0.003751123646086088
2025-07-16,-0.0333063637114278,-0.01744358409253536,-0.03330636371142807,-0.015300095038028783
2025-07-17,-0.0025559859005543687,0.008359341811611444,-0.0025559859005543895,0.01072160304801696
2025-07-18,-0.025051520131036214,-0.02198388851631419,-0.025051520131036356,-0.020772255670143888
2025-07-19,0.003713253940240506,0.0022710722880195343,0.0037132539402405266,0.0020612491711768984
2025-07-20,-0.009454938586548365,-0.009109509254699567,-0.009454938586548412,-0.007652301500174761
2025-07-21,-0.003832664498504734,7.175799298928961e-05,-0.0038326644985047518,-0.0038584969950712124
2025-07-22,-0.009076638626237173,-0.006868285161577928,-0.009076638626237216,-0.007408036731745804
2025-07-23,-0.005536074701579656,-0.006454910382462004,-0.005536074701579685,-0.006839542597418742
2025-07-24,0.003429553716676195,-0.0002521381162317552,0.003429553716676211,-0.0002808124727248397
2025-07-25,0.003397234058308872,0.003892005990976966,0.003397234058308888,0.003516030663493199
2025-07-26,0.005354822118951806,0.004023825420983281,0.005354822118951831,0.006351811398554511
2025-07-27,0.0008427489812931916,-0.002370884239568057,0.0008427489812931959,-0.0014153037410690092
2025-07-28,-0.009726251879773414,-0.006847187675977232,-0.009726251879773459,-0.006014163015890112
2025-07-29,-0.004463527012005539,-0.0037487251378027437,-0.00446352701200556,0.0026407744368273384
2025-07-30,-0.006253729466408889,-0.0033907595040679798,-0.006253729466408916,-0.0034227724515736896
2025-07-31,-0.00441845853758805,0.0002512587872938976,-0.004418458537588071,0.00025343907262721945
2025-08-01,0.004134727912144428,0.005303998599332616,0.00413472791214445,0.005372750085764607
2025-08-02,0.00885939971812397,0.005229430203116452,0.008859399718124014,0.00529948698192734
2025-08-03,0.005605429686863175,0.00527525817397163,0.005605429686863203,0.005355340815062832
2025-08-04,-0.01055372806856072,-0.012122234307329947,-0.010553728068560767,-0.012313615661271678
2025-08-05,0.0013307927186997602,-0.0021132782233285576,0.001330792718699768,-0.0021481289374010457
2025-08-06,-0.0003832664341475111,-0.00022751396007963012,-0.000383266434147514,-0.0010305457176410428
2025-08-07,-0.016064280543587075,-0.011132650373260769,-0.01606428054358715,-0.010419711007444548
2025-08-08,0.005911031791619608,0.0034817541057279434,0.005911031791619635,0.004452495064391208
2025-08-09,0.0004160894328804751,0.0031957451347834776,0.0004160894328804752,0.00441903599926677
2025-08-10,-0.008633717121283087,-0.0060631268459711545,-0.008633717121283125,-0.007026996032355452
2025-08-11,-0.003430769738866392,-0.003831598106321335,-0.003430769738866407,-0.00288219425941113
2025-08-12,-0.014150332734362274,-0.009407513523757773,-0.014150332734362355,-0.00926599686800096
2025-08-13,-0.004813698388579307,-0.007292466413527573,-0.0048136983885793344,-0.007283776167229839
2025-08-14,-0.01004010717335015,-0.016086907930828787,-0.010040107173350205,-0.016049083200751272
2025-08-15,-0.005747611296011039,-0.0035093523251096643,-0.005747611296011084,-0.0034446614715075916
2025-08-16,0.01040958501713997,0.010176670300764544,0.010409585017140042,0.010116260897635327
2025-08-17,0.022122416950812136,0.012894079130715712,0.022122416950812344,0.012573041539275746
2025-08-18,0.003373679779003089,0.0016642381300198742,0.0033736797790031164,0.001628234807246619
2025-08-19,-0.0026881634072767986,0.0019810963680165967,-0.0026881634072768164,0.0019267272473519408
2025-08-20,0.0030193705371924957,0.002737367085731757,0.003019370537192519,0.0026733018673931156
2025-08-21,0.011898336525238765,0.008886622175826742,0.011898336525238851,0.00872122202080842
2025-08-22,-0.01919517626114335,-0.008571840758360299,-0.019195176261143494,-0.00846026907871867
2025-08-23,-0.0022396920979371035,-0.0027706345162069775,-0.002239692097937119,-0.0027399863853144035
2025-08-24,0.011004959260538814,0.005811074247561159,0.011004959260538879,0.005709577399069323
2025-08-25,0.006932696763798734,0.0011438388771545403,0.006932696763798777,0.0011310729173753097
2025-08-26,-0.007548794774447278,-0.004100313051016918,-0.007548794774447326,-0.004084268227808304
2025-08-27,-0.009803494479803927,-0.006961851515416648,-0.009803494479803988,-0.007730080265489365
2025-08-28,0.0005322222523290993,-0.001511310249034765,0.0005322222523291033,0.0019858394606569025
2025-08-29,0.028862353307911665,0.028472406671067384,0.02886235330791184,0.024930016416698904
2025-08-30,0.019670016466386355,0.019986186483652697,0.019670016466386473,0.018014022507355565
2025-08-31,0.021809330980214595,0.02093171892697507,0.021809330980214703,0.02006941977403748
2025-09-01,0.019859390555531896,0.01946789968958068,0.019859390555531986,0.018609724862760302
2025-09-02,0.0044942991750762645,-0.0009302267313567909,0.004494299175076283,-0.00018571591973248685
2025-09-03,0.014309261658374409,0.010715735827616557,0.014309261658374461,0.014242697014475123
2025-09-04,0.035999100838986886,0.03542322803942051,0.03599910083898702,0.03709798475425862
2025-09-05,0.022619309501844844,0.019499618795466665,0.02261930950184492,0.021206252946055004
2025-09-06,0.006380393353829351,0.006316024705479741,0.0063803933538293675,0.0065668680111835845
2025-09-07,0.0021533367698889166,0.002455379153869755,0.002153336769888921,0.0032751986296999766
2025-09-08,0.0008407210728294413,0.001155506580098366,0.0008407210728294448,-0.00034411624763716663
2025-09-09,-0.005473162782698581,-0.006985100833746144,-0.005473162782698597,-0.006000861351503163
2025-09-10,-0.0028204705473272164,-0.0022870002231872347,-0.0028204705473272237,-0.0026958920636550726
2025-09-11,-0.007029932934744395,-0.005112943381776731,-0.007029932934744414,-0.007018236985441079
2025-09-12,-0.00035624553673742235,-0.0009571683178776916,-0.0003562455367374238,-0.0017669728277342714
2025-09-13,0.00997052370629308,0.00813582332452683,0.009970523706293106,0.00842426750388319
2025-09-14,0.0021137173779924925,0.0032857122640563012,0.0021137173779924964,0.004928563845719361
2025-09-15,-0.0035777346816002107,-0.0012210301166135512,-0.0035777346816002202,-0.00021509113350412566
2025-09-16,-0.0001925932684743701,-0.001546113093925009,-0.00019259326847436995,-0.0022973319310405547
2025-09-17,0.001809052852591011,-0.0006214951495802118,0.001809052852591017,0.0007944250622685931
2025-09-18,-0.004147548867638967,-0.013392850861106989,-0.00414754886763898,-0.007276444315338402
2025-09-19,-0.010863437679687643,-0.006780285512549023,-0.010863437679687676,-0.007261221699880724
2025-09-20,0.007677752787582453,0.008700993226321506,0.007677752787582477,0.00788757607820504
2025-09-21,-0.00784144188502125,-0.010468602590338029,-0.007841441885021273,-0.010626713621646956
2025-09-22,0.006743480285148968,0.004464127162542089,0.0067434802851489865,0.010833402491264755
2025-09-23,-0.003799535881294581,-0.00517452239931474,-0.0037995358812945913,-0.004476420418579685
2025-09-24,-0.001622438926504712,0.00025974233867989975,-0.0016224389265047157,-0.0001646182940445913
2025-09-25,0.010850127442058695,0.016724253426482465,0.010850127442058726,0.012427795637610437
2025-09-26,-0.00036470991581929714,-0.0019203508268659066,-0.0003647099158192973,-0.003024229982030024
2025-09-27,-0.0026257676202652027,-0.0017877343014138882,-0.002625767620265209,-0.0014731492247839148
2025-09-28,-0.006045893305571778,-0.008470841395050603,-0.006045893305571798,-0.008191376559518597
2025-09-29,-0.027821844649649197,-0.024547443670546166,-0.02782184464964928,-0.024265792301156434
2025-09-30,0.04249460691900425,0.036969066266618084,0.04249460691900439,0.036969697333248265
2025-10-01,-0.0035491450979782875,-0.005129841178814038,-0.0035491450979782974,-0.0016627542934695605
2025-10-02,-0.010281843091969696,-0.00952059202088408,-0.010281843091969715,-0.00890185092690586
2025-10-03,-0.005740112711558165,-0.006371912079436921,-0.005740112711558174,-0.007044916564036472
2025-10-04,0.0033697169021622495,0.0029654568188221403,0.0033697169021622555,0.00191034121704782
2025-10-05,-0.004707037800568537,-0.004404254762285996,-0.004707037800568547,-0.004249311254336403
2025-10-06,0.0014137332210639988,0.007051457435394034,0.001413733221064002,0.006961156788227448
2025-10-07,-0.0017374352157984816,0.0020658244197194623,-0.0017374352157984866,0.0011708185640063491
2025-10-08,0.003064382883341706,-0.0001621762497788799,0.0030643828833417123,-0.0004617864152628958
2025-10-09,0.003244461937802828,0.006779472139612776,0.0032444619378028347,0.006879324101069244
2025-10-10,-0.019170906708125584,-0.009447970697275695,-0.01917090670812563,-0.01444859033280493
2025-10-11,0.02360190570475642,0.02432010772561227,0.023601905704756475,0.02721011689591935
2025-10-12,-0.0129947474806007,-0.0030329739200676896,-0.01299474748060073,-0.0006788546859312627
2025-10-13,0.00500478097475687,0.00796275968129757,0.005004780974756881,0.00934962057016382
2025-10-14,0.0027520146957322267,0.007619252632071219,0.0027520146957322324,0.008889091448894661
2025-10-15,-0.0005035258923073203,-0.005115309814725844,-0.0022700541471399973,-0.005914947030461763
2025-10-16,-0.002035538309002523,-0.002494136577907481,-0.006463179100419874,-0.006653234109899584
2025-10-17,-0.0017471601570150156,-0.00028945168969392727,0.0026251451787292776,0.004798626868303872
2025-10-18,-0.0024268991236220754,-0.0015236665633414973,-0.002445707412668765,-0.0010559629835647031
2025-10-19,0.002429096784219063,0.0060163654607303515,0.004297717452149731,0.007786596886835265
2025-10-20,0.0020745522860322893,0.002734337426520748,0.008510102018290111,0.008507094895924194
2025-10-21,0.0010800923947554724,-0.0016150528947960856,0.0021756624998023034,-0.001112413550405714
2025-10-22,0.0037604993884640596,0.005401073852876615,-0.0004068840735019586,0.0024737352293168514
2025-10-23,-0.0027254964489327707,-0.004379878207330714,-0.0019283042845527885,-0.003953525596126824
2025-10-24,0.0007516540176480192,0.0008472754142178625,0.00527618194694527,0.003946136751167168
2025-10-25,-0.0035502602254849545,-0.0027541577353553674,-0.0018832653412899543,-0.0009635684737380013
2025-10-26,-0.001211035892791009,-0.003804405309043124,0.005785832073099527,0.003202147076155695
2025-10-27,-0.004420300642193549,-0.0010380450588401377,-0.001742566958685011,0.004473814087706104
2025-10-28,0.00727605128605001,0.013080882758131936,0.0030562706996305608,0.013758818455333967
2025-10-29,0.003225204974260352,0.0032336352757935598,0.003066917824996983,0.0045913270974905175
2025-10-30,-0.0047353392998857454,0.00419770804653281,-0.004488120974589933,0.0030643209491484713
2025-10-31,0.0030968098001549933,0.003703814585275595,0.0029468504060124693,0.004325933365852103
2025-11-01,0.021424351062826818,0.01909718915422108,0.020373142306234444,0.01676697054429025
2025-11-02,0.01740998683128757,0.01492030257619204,0.016598099044845473,0.015748184140902902
2025-11-03,-0.008317032409074988,-0.001453833459248324,-0.008028764131282475,-0.0039046753747047545
2025-11-04,0.03390484776318655,0.03572950116427788,0.03304552999697531,0.035013021890833065
2025-11-05,0.007578774268861871,0.004302542630603131,0.007371320735221722,0.00441740719469601
2025-11-06,0.017436082716342755,0.030354147178683177,0.017235732623710788,0.0400473802406808
2025-11-07,0.023174633207265132,0.06764387574293529,0.022924586449478427,0.07009568010676302
2025-11-08,0.00509005315984154,-0.0010976093603868554,0.005058514907516558,-0.0021302829925239964
2025-11-09,-0.009284149545995221,-0.01090085602779304,-0.0093200750865259,-0.010124891726086384
2025-11-10,-0.0077160254048674074,0.0004461685233582274,-0.007711856044706927,-0.003997321255987357
2025-11-11,-0.006657057721657452,-0.003146644821022205,-0.006661600818274028,-0.0056290642550454245
2025-11-12,0.00540981822615567,-0.002382397273182333,0.005392541136849033,-0.0018282866748164461
2025-11-13,0.0035515401602415207,-0.0007191240683959554,0.003531748607197703,0.0003672996509086907
2025-11-14,-0.004700835599655553,-0.009648638422901427,-0.004705224007919703,-0.007646028567343244
2025-11-15,0.0024989197253802407,-0.0016778791677167233,0.0025487248158630035,-0.0009555322809447109
2025-11-16,-0.00733740956459392,-0.007782032092846846,-0.007434583806219859,-0.005842103568300241
2025-11-17,0.010515602121488206,0.008819461681135194,0.010671386900209096,0.009610459356014013
2025-11-18,-0.011504901721007035,-0.00496268288313632,-0.01163422466679142,-0.005605267720776533
2025-11-19,-0.008062545032757941,-0.005272858021261861,-0.000728832230831552,-0.004828988002544171
2025-11-20,-0.0031672359596909973,-0.002584871311085953,-0.003269479992860188,-0.002348574313581227
2025-11-21,0.0020215722029499183,0.005650933738968221,-0.004519662111992705,0.005133927140170661
2025-11-22,0.009104597000301994,0.008051061519208987,0.0027575640322951038,0.007310823789384422
2025-11-23,-0.001806269438648145,-0.0021198129957472043,-0.004350769094002292,-0.001926006621930938
2025-11-24,-0.003435843133686583,-0.005505203907592065,-0.008959842677786194,-0.00500669983420029
2025-11-25,0.0005369496035625865,0.0001618277939124749,0.002398097230458276,0.00014552216157804744
2025-11-26,-0.001985630177445901,-0.004162068355763192,-0.0032215546148414154,-0.003192302814398316
2025-11-27,0.0052648980716654276,0.0021336791346371897,0.00040037240940948415,0.0023021150119562576
2025-11-28,0.0010614263915132726,0.0004411359866181027,-0.0014198609385865323,0.0008607371032681394
2025-11-29,-0.0022566156370368387,-0.0008313753867911357,-0.00040558899046673925,-0.00036336163332623605
2025-11-30,0.005804843880037278,0.004104673994747629,0.0015775017440136053,0.003797347693069813
2025-12-01,0.005170425007742011,0.002320661439297752,0.00016021455121835093,0.004470995707688245
2025-12-02,0.0028679207996693697,0.0007198520989317333,-0.009880367587593806,-0.0048245159652135355
2025-12-03,-0.006126211517885252,-0.005234502383310409,-0.008627065528473345,-0.005196161957860351
2025-12-04,-0.0004952249173818809,-0.006428611865916822,-0.008928487960554355,-0.0057707943214465466
2025-12-05,0.0006814402288895946,-0.0011026781400199014,-0.0009303542536767664,-0.0009201873945210488
2025-12-06,0.003232001550827018,0.003664620817254864,0.006955086031591416,0.0033724654954590404
2025-12-07,-0.013085617457584681,-0.014152158349812666,-0.01599598364785535,-0.0134302239490089
2025-12-08,0.003516568248340996,-0.005659459771290717,-0.009137896340573827,-0.005535309416186145
2025-12-09,0.0030728037856846287,0.0053674903408049,-0.0011819054290943742,0.00583031879101564
2025-12-10,0.0026580860616748007,-0.002078185049933903,0.005789364212829506,-0.0018853250134707059
2025-12-11,-0.005996970000379609,-0.01585949372493582,-0.018303052052380905,-0.014926492274015674
2025-12-12,0.0007239990891329158,-0.004950571378145736,-0.002524394674579357,-0.004658221536581642
2025-12-13,0.0012407526721886519,-0.0009778754868448281,0.004901903030963711,-0.0009225687220795858
2025-12-14,-0.003000515484413878,-0.0020314848400387066,0.0017924531053098327,-0.0018813148111361435
2025-12-15,0.00010770826530472612,-0.0004824207846493054,-0.0048478309577925285,-0.00044842143247028697
2025-12-16,0.0032096762588976605,0.004357451479065699,0.006393597409744177,0.0039835216897284404
2025-12-17,-0.002203807759276582,0.002658935942934523,-0.0021969489272738022,0.00246487602833919
2025-12-18,-0.016811051806565478,-0.004177118960216491,-0.013394526988865639,-0.003923946899299881
2025-12-19,-0.0007902157602182554,-0.00992390583665256,-0.0032402120992630363,-0.009280468949020486
2025-12-20,0.03099837803077391,0.024204859618194373,0.026105429464597676,0.0226297815947724
2025-12-21,-0.025556693352866217,-0.021507725254327575,-0.022446171701190624,-0.02003027828746701
2025-12-22,0.0025958175099240555,0.0032044609325154964,0.0021348803469024725,0.0030070307844570357
2025-12-23,0.007289170818282671,0.008094452013996258,0.008481330262115887,0.007654188599640595
2025-12-24,-0.009142554786917443,-0.00466478385279674,-0.007772778509857984,-0.010475144081602992
2025-12-25,0.008293665576175875,0.004536991966760072,0.00705045755851948,0.009376259936835288
2025-12-26,0.005830107769248649,0.00531371127130988,0.005019604873817262,0.00242671939354136
2025-12-27,-0.00442398968126103,-0.002504649697936253,-0.003705179228260798,0.00013934418364009942
2025-12-28,-0.005084773066523131,-0.0028392398785172983,-0.004235026004723479,-0.0014838546238311234
2025-12-29,-0.021353242649861028,-0.016572603435893157,-0.01776734894282832,-0.01818579653065532
2025-12-30,-0.005984904727835515,-0.005829628169996273,-0.004877357769926458,-0.0068562230328576244
2025-12-31,0.000663648118235308,-0.005090754153964613,-0.0005636952473548283,-0.004721272342339724
2026-01-01,0.011808127871982871,0.015539461826564497,0.014351929953446665,0.014572944968532762
2026-01-02,-0.0001897426541802223,0.006963797275777201,0.015607360983700112,0.006544501218046221
2026-01-03,0.006442944181747486,-0.0054360855052668095,0.0023067892028738757,-0.005124371110252488
2026-01-04,0.005624508703062173,0.012748261938290427,0.009273466887494121,0.012033761288774552
2026-01-05,-0.006562084094174663,-0.0023487700248975302,-0.004586598341712163,-0.00221505471635697
2026-01-06,0.009670419200069892,0.004076654529215913,0.007485153241737768,0.0038461428758276178
2026-01-07,0.011935164164470154,0.007368106568353539,0.011462679484561453,0.007104516758606701
2026-01-08,0.01686450028299225,0.012429147627352966,0.016017417343650676,0.010766486208995783
2026-01-09,0.01598827052261474,0.008265611117147631,0.009455129004137463,0.007605959790377839
2026-01-10,0.024627396827192144,0.01804640192733049,0.02353483499768899,0.017661284940306547
2026-01-11,0.015370052417156376,0.01152508512910276,0.01519976696185928,0.011137778456509234
2026-01-12,-0.006662765653919199,-0.004636644169958249,-0.00580736810804365,-0.003843116288675605
2026-01-13,0.007284819413124767,0.01555047053412397,0.010828400980463657,0.015181561839894471
2026-01-14,-0.01426480783188498,0.005122680048131973,0.0034295745063948266,0.004899759831239053
2026-01-15,-0.0036116921696166286,-0.005329848709434588,-0.00439844599325777,-0.00504744666545191
2026-01-16,-0.01180888485464772,-0.01161935382584461,-0.013523794545357532,-0.011004045325990646
2026-01-17,-0.0022617622895748242,-0.0022118131883601248,-0.005601045386451248,-0.002095676736117014
2026-01-18,-0.005418612441530655,-0.005976435997218863,-0.0027422834762202337,-0.0056729791762282645
2026-01-19,0.011473098121186642,0.013241005132600275,0.010998463628609956,0.012496962113764372
2026-01-20,0.00038439330497717114,-5.628050594151914e-05,0.0003179328098316168,-4.816994796083625e-05
2026-01-21,0.015121329474124874,0.012381539908747241,0.014898172533713986,0.011999501469051075
2026-01-22,-0.004474772673539162,-0.00934049530375768,-0.004448041460324631,-0.008196572364698231
2026-01-23,0.00602018222052408,0.004341407121555737,0.004514622271229903,0.0031768594662842154
2026-01-24,-0.0016183530823845806,-0.0005711468550395856,-0.0022509708271206187,-0.0012243477709115327
2026-01-25,-0.0028127573334338378,-0.0004740826712779637,-0.006952293894863292,-0.004876762896354077
2026-01-26,-0.0017960485225951312,-0.0070136381197274545,-0.002189622787153579,-0.0067557792799968555
2026-01-27,-0.006042857124294378,-0.012793796441351967,-0.005658653172148277,-0.012331468976780028
2026-01-28,0.003022442543405155,0.007230753440628386,0.002845967707280938,0.0086638060355132
2026-01-29,0.014263916354916651,0.012874946653628861,0.01370200041352011,0.016503230145772027
2026-01-30,0.004697038864045637,0.0055313247179029044,0.004524039295540239,0.00497111893445014
2026-01-31,0.013208988315069864,0.01799569712822681,0.01294031439616096,0.02144958924788804
2026-02-01,0.0031865633578521515,0.00022971754166228886,0.003183385376694409,-0.00942412142950765
2026-02-02,0.011435128867114236,0.015135806460474154,0.01147879543010929,0.006523318798840108
2026-02-03,0.00975168737504252,0.012825451542077367,0.009844370835242838,0.013119347583029987
2026-02-04,0.014411923199049999,0.010228084906948277,0.01455539328636427,0.014327311749433325
2026-02-05,0.01581818352824847,0.015281982761817171,0.01597403161248933,0.019157919644336142
2026-02-06,-0.0160817029722309,-0.007176784280030245,-0.016301941016702983,-0.017095299118980434
2026-02-07,0.0023545183530181285,0.002902679178929507,0.0024083308253219572,0.0006294015218380341
2026-02-08,-0.005693066531474665,-0.006385491607455976,-0.005718762589439275,-0.0038152177651317883
2026-02-09,-0.003862938757777623,-0.0008859961505736945,-0.003906933475120983,-0.003279356833244963
2026-02-10,0.007970533378787684,0.01396564941277649,0.008063218155887376,0.008296433340536051
2026-02-11,0.0032686812089748095,-0.0016127809227778327,0.0033048034216173446,-0.0022797124485510077
2026-02-12,0.013201134399830375,0.00980537055739826,0.013535244468946816,0.011157408965787386
2026-02-13,-0.0051733142300063656,-0.006738451012298985,-0.004955978942291566,-0.005731151898929542
2026-02-14,3.558373430866336e-05,-0.011516335936788902,3.5059487831534484e-05,-0.004260074662243366
2026-02-15,0.005160341759552365,0.006307671395405739,0.005030806480335982,0.0055621619727487335
2026-02-16,0.0022648098143026657,0.00021330404705560972,0.0022330347476104523,0.0012044863995618283
2026-02-17,0.002662691190734116,0.006511535648531406,0.0026018935696096187,0.004043473347368415
2026-02-18,0.008263092142808985,0.01134940762704586,0.008064859560926953,0.010942677942390493
2026-02-19,-0.014957465398461937,-0.012706087149578446,-0.014595063968370257,-0.010410256306541637
2026-02-20,-0.003688789884733796,-0.0022300761298731007,-0.0036060792827192524,-0.005042129650547868
2026-02-21,0.007485888809906168,0.005251938447726883,0.007348047678764732,0.006003474974832822
2026-02-22,-0.001374100539723683,-6.164788588349573e-05,-0.0013476176548264899,0.0031438945492794895
2026-02-23,0.01236493255438018,0.018818100240737684,0.01213278068931627,0.010073340485409442
2026-02-24,-0.0012553905350266793,-0.0024438574534668437,-0.0012627971663616382,-0.0013316711942939988
2026-02-25,-0.01775105988628035,-0.0032772925660990524,-0.017770146538905542,-0.0021193223346137103
2026-02-26,0.0006329093685015648,-0.0002139842504954207,0.000633347909601273,0.002899510797502362
2026-02-27,0.013179929598853465,0.01748339478717513,0.013179929598853517,0.015749120790253156
2026-02-28,-0.008286179352904325,-0.017545820424303644,-0.008286179352904358,-0.01566093145438112
2026-03-01,-0.009260002064633012,-0.00834322893693523,-0.009260002064633049,-0.006871809306029339
2026-03-02,-0.009266320510720044,-0.012437559818460998,-0.009266320510720082,-0.010593325280835546
2026-03-03,0.005357098765455959,0.005213009158223459,0.00535709876545598,0.004617199266946489
2026-03-04,-0.012868786467200537,-0.01357604385175484,-0.012883536223738742,-0.01273037689355588
2026-03-05,0.00733647702027441,0.013653264182843515,0.00866750723313224,0.0128471561996989
2026-03-06,0.004348819958089811,0.005214000962336747,0.006058301981121996,0.005060469659927435
2026-03-07,-0.00377568498041301,-0.00017428549734838986,-0.003136439256285393,-0.00014693145266474062
2026-03-08,-0.00017700822472831737,-0.002006130705159257,0.001770481241422679,-0.0021064387387270686
2026-03-09,-0.0084183621523378,-0.016257277965008202,-0.00897772193242062,-0.01728877981865846
2026-03-10,-0.0039974307533920716,0.000608359709296461,-0.007807394092658727,0.0006498827291919271
2026-03-11,0.015436397863540405,0.009009141534220543,0.01660790294441193,0.011121402935257636
2026-03-12,0.0014750062391263048,-9.845603900697664e-05,0.00012390586917310773,0.0015498499154922702
2026-03-13,-0.0017692091996308575,0.0012193213904207435,-0.0026858228721039277,0.0013065537209026221
2026-03-14,-0.001004525894738439,-0.005987159405200912,-0.0016041082175039679,-0.005900337306903346
2026-03-15,-0.012957676501996722,-0.010086174803507012,-0.012468799354086135,-0.011771977405624091
2026-03-16,0.0022310274476494596,-0.012478489321447449,-7.088921944526661e-05,-0.012846440805306593
2026-03-17,-0.0017808012518384713,-0.0011849660417744656,0.00012428682664447502,-0.0014792554462271256
2026-03-18,0.0012332752667957247,-0.000657517897529221,0.00021974613186726935,0.0010404977505372626
2026-03-19,-0.005133445871479104,-0.0016146883332393475,-0.0024717790338239145,-0.0013197580829854341
2026-03-20,0.007242486770659177,0.005076551445579935,0.004987022864812758,0.0027914438211596496
2026-03-21,-0.00024608995871926463,0.0008491084523996258,-0.0020360962664825693,0.0021439540418320504
2026-03-22,0.006896833570144208,0.0030320253654856338,0.0031439473288553043,-0.0005094469764009383
2026-03-23,-0.00738606068528465,-0.00023484272422317885,-0.00946673491353048,0.0013511249096370855
2026-03-24,-0.0015418432747689157,-0.004432239800266836,-0.0022546324582537005,-0.007357330918879813
2026-03-25,-0.0023587595856773653,0.0022437131513403097,-0.002520712620528346,0.003917848071969645
2026-03-26,-0.0011143194538404371,0.0016790598592256246,0.00035395232568299743,-0.0007865984235237512
2026-03-27,0.0010363107447994065,0.0013087977998332131,0.00368747143093084,-0.0027299193822945484
2026-03-28,0.0015315907303024873,0.0019468934975219142,0.0011494915152662252,0.0006384198908105968
2026-03-29,-0.002688828497950636,-0.0011406617625463393,-0.0019091571854288351,0.0015577812609412999
2026-03-30,0.002662433850141739,-0.002060725074948341,-0.00010685422349357364,-0.002245544628975352
2026-03-31,0.010867869009595377,0.003791531223103746,0.015739228527080207,0.0019795048770350383
2026-04-01,0.015472865882168799,0.012559155828113644,0.014730230683219298,0.010194606778811255
2026-04-02,0.017283497466207425,0.012913561440543522,0.015896784917922513,0.013746236478532747
2026-04-03,0.019184432051476935,0.014277572817066998,0.017477726419789154,0.013976219013929812
2026-04-04,-0.0002486659548191967,-0.0012167239575065548,-0.0002203988052637154,-0.004135387847549343
2026-04-05,-0.009724785890217592,-0.007057333137001748,-0.009121417307218299,-0.0051653039520154756
2026-04-06,-0.0005964929716917711,-0.010689987964137284,-0.0005548257035485173,-0.0077208782302972566
2026-04-07,-0.010680142842998865,-0.03269942385311329,-0.010023460195041908,-0.031666601914195486
2026-04-08,-0.0012544178097527196,-0.00762315171571411,-0.0011745374576732227,-0.007553174154323282
2026-04-09,0.007104924294049699,-0.0033999457152340457,0.006840133184388149,-0.003371434112114474
2026-04-10,-0.008757440456326152,0.005639112846521709,-0.008561243561225802,0.005696039274188005
2026-04-11,-0.011511411455809558,-0.005303433747807991,-0.011237763125601902,-0.005385481712263409
2026-04-12,0.004978614516918232,0.007404044006529009,0.004884555715442586,0.007507392311033485
2026-04-13,-0.014838025281306871,-0.014023225333150587,-0.014588309112622745,-0.014188212435859026
2026-04-14,0.003624923507343956,0.00839356593159498,0.0035482230178400563,0.008544304269495775
2026-04-15,0.0018437097174247444,0.005001468315769278,0.001808605916046312,0.005335978677609029
2026-04-16,0.04802852204533959,0.04776659112870021,0.046943166647447764,0.04420589789427065
2026-04-17,-0.01392728442130756,-0.006745388574304264,-0.013608162970098163,-0.00836786133719828
2026-04-18,-0.004284871532054412,-0.008433317398046638,-0.00419338507954336,-0.0047964049264141665
2026-04-19,0.00022628750768305172,0.005256962000904138,0.00021958478388160973,0.006340885080743229
2026-04-20,0.0024009871207876636,0.007082537679575636,0.0023499882567443375,0.006172291294770319
2026-04-21,0.02671721766400223,0.02036888286544611,0.025972242154794566,0.021992687510239414
2026-04-22,-0.0032509389117919875,-0.007179205288570006,-0.0031962861791653176,-0.008391818893241351
2026-04-23,0.003920943342483686,-0.0007771352522250204,0.0038810803726800373,-0.0027801358602480464
2026-04-24,-0.0030391308587748873,-0.0060706025153745135,-0.0030069275994749163,-0.006405018437782781
2026-04-25,0.004440132130479696,0.0020833210891135867,0.0043885598609725894,0.0026632384353095302
2026-04-26,-0.001817954371699548,0.0020981853039989274,-0.0017959774098176234,0.0012327990909436497
2026-04-27,-0.006648935955388438,-0.008687675118428398,-0.0065695824299296,-0.007922060417365038
2026-04-28,-0.010010385154624463,-0.0035253561912733386,-0.009881493402911707,-0.006532140586512312
2026-04-29,0.0004960515602699637,0.0013397004363884903,-0.0011838080138483152,0.0008028247891287514
2026-04-30,-0.005938428445946146,-0.008832953145926744,-0.006186994194797326,-0.009413541215283957
2026-05-01,-0.013813614451646108,-0.01644346480486751,-0.012918693337360877,-0.0166483780925216
2026-05-02,0.005278342332617771,0.003413694155465103,0.004503387388436126,0.0035234105104570536
2026-05-03,-0.0007795446406078011,-0.004233320956102498,0.000594303832299503,-0.0060416572495820406
2026-05-04,0.009337615555869929,0.006291142965932027,-0.006048277154974236,0.006261998807021568
2026-05-05,0.050119722106367726,0.018193357659338636,0.036237947528092944,0.020917342458511463
2026-05-06,0.041479098334267404,0.02644484081486003,0.04526378015840107,0.027237453678618306
2026-05-07,0.013921730919849159,0.009795605929446468,0.01769043940769167,0.009880883642845254
2026-05-08,-0.0007547795811445444,-0.0008408183541790645,0.0024262563812391547,-0.0008466934011259279
2026-05-09,-0.006450388367582599,-0.005084659159575034,-0.009260140740793048,-0.005107623043876731
2026-05-10,-0.009110725233168875,-0.0042677059905521855,-0.007504262927748891,-0.004287713612385803
2026-05-11,-0.0034385554740751856,-0.0005680111882679371,-0.0055093919548546075,-0.0005707062608237267
2026-05-12,-0.004176212623874002,-0.006819973425479868,-0.0057441546398203005,-0.00685583886968312
2026-05-13,-0.005489995156718516,-0.0033133925381638,-0.005774617544500653,-0.0056350821573229026
2026-05-14,-0.013550579684307918,-0.01653887075276754,-0.01430393786585942,-0.015823029520810952
2026-05-15,-0.007316887933628903,-0.006727474119081378,-0.007725204294959308,-0.008839226608137574
2026-05-16,0.006224616615581583,0.006837728006401225,0.006628473472997775,0.004726732119238692
2026-05-17,-0.004537118212836965,-0.007798556635785063,-0.004831420230110155,-0.007647584340108707
2026-05-18,0.004136060453695369,0.00029052897009707317,0.004391719926720634,0.003339578970913997
2026-05-19,0.005252181416572715,0.005160061740481644,0.00558008087057694,0.002601555342772525
2026-05-20,-0.01335467482206302,-0.022000457018169196,-0.01417350160398905,-0.021324877325667603
2026-05-21,-0.0029673173455579574,-0.009714045951642084,-0.0031702609387330985,-0.008984177597568928
2026-05-22,0.005204534926331928,0.008634740053758045,0.005543196553931949,0.009716156958200354
2026-05-23,0.0009468606653121463,-0.0003587654157352702,0.001009825911222968,-0.0009790596665168237
2026-05-24,-0.005912206958066367,-0.008168966428352747,-0.006290198623756174,-0.007004913466294994
2026-05-25,0.009133306746290815,0.008938888730839142,0.00972123567948971,0.009319673708666416
2026-05-26,0.005105664317527,0.005544762526369583,0.00543574764155886,0.006662086966370086
2026-05-27,0.004556675105027826,0.01059415067147889,0.00482829604630321,0.008977001418947111
2026-05-28,0.0007223335296773424,-0.004774605618113269,0.0007641187707989319,-0.005827406136719004
2026-05-29,0.0005472789372920953,0.011321948456236228,0.0005776090378429171,0.010359323213569098
2026-05-30,-0.008174927904035002,-0.015835948419677975,-0.008629987399796214,-0.016147145200999365
2026-05-31,0.006557971936766778,0.00021859569863180532,0.006909969467190114,-0.00043008437285960627
2026-06-01,0.00966324304368918,0.004746360584095096,0.010182780303463354,0.004782391224727509
2026-06-02,0.013310189461687504,0.004126563906361155,0.01399110700714247,0.003960898676965889
2026-06-03,0.008740601973343958,0.011979018257763777,0.010168698482413854,0.011915499982189201
2026-06-04,-0.0008989081627653386,0.012620094988733302,-0.012444192176509989,0.012661157287591774
2026-06-05,-0.01549310269673535,-0.004013134833140532,-0.00913383288154804,-0.004034381057012043
2026-06-06,-0.00032872299684617477,0.00244780462251898,-0.0012845354504554295,0.0024585194780477556
2026-06-07,-0.00878318379628206,-0.01796060543787978,-0.00679013961959897,-0.018046060636179893
2026-06-08,-0.004659645874058227,-0.007658047449607682,-0.0022931878472597657,-0.007689113018927496
2026-06-09,0.008442873329725337,0.008746484059450414,0.0024921615076158583,0.008788528933853752
2026-06-10,0.00796553633743957,0.0069164484358882365,0.0015970030010632385,0.006953136099567803
2026-06-11,0.009727571238107734,0.006692599729362032,0.01563385806540768,0.006717819252587011
2026-06-12,-0.006571916767141501,-0.005407085295284658,-0.008532510596411465,-0.005440193182266117
2026-06-13,0.0005560992325236194,-6.457709261542271e-05,0.0015447547443862093,-6.274528108162153e-05
2026-06-14,-0.011731340842239348,-0.009280007823014073,-0.0006916596870098328,-0.009351823834331191
2026-06-15,-0.017936379651618293,-0.008990149865058104,-0.0065354860397683805,-0.009022947925680229
2026-06-16,-0.006796461452223028,-0.005642655375433886,0.0008562492622974776,-0.005664330839251024
2026-06-17,0.003920021194309844,0.002288333073628605,0.004238700075189389,0.0023022986443202295
2026-06-18,-0.00451532322636837,-0.005945536733968344,-0.004854237006992252,-0.005960599852725859
2026-06-19,-0.0020586151863357864,0.0011951301256552885,-0.002254637024558009,0.0011964842948336044
2026-06-20,-0.0011016796363093263,-0.0021013848482966386,-0.001210021669933269,-0.0020972901138657796
2026-06-21,-0.0038504506806607912,-0.0054576359047651835,-0.0041945654040891345,-0.00547883115619281
2026-06-22,0.0029494487630195134,0.015448359400411607,0.005490339527983984,0.015508301535459687
2026-06-23,0.008169642431375511,0.012976441817434207,0.010699827495414945,0.012971691528590595
2026-06-24,-0.0008500213065446659,0.00222584154412789,-0.0009543546748276253,0.002131304813260229
2026-06-25,0.000321637490817672,0.0010761332187842463,-0.0020425918611600294,-0.0014719277300082234
2026-06-26,-0.00018023844502304984,0.00032365511554643104,0.0007398902062091666,0.0013328501647995657
2026-06-27,0.001659625437773203,0.0016407858173940416,0.0013870534650635583,0.0012011442299694666
2026-06-28,0.0005313629994441276,0.0006515853060122552,0.0005591125214137366,0.0006339665578344965
2026-06-29,-0.0008755459496750431,-0.0011451660405307588,-0.0009674601136866337,-0.0011588161847022902
2026-06-30,0.002124782642730005,0.0027203302129853403,0.00229729439409276,0.0026978063335926323
2026-07-01,-0.00012464355566661425,-0.00023560529015732393,-0.00013571659536699025,-0.00023529063555093285
2026-07-02,0.0,0.0,0.0,0.0
2026-07-03,0.0,0.0,0.0,0.0
2026-07-04,0.0,0.0,0.0,0.0
2026-07-05,0.0,0.0,0.0,0.0
2026-07-06,0.0,0.0,0.0,0.0
2026-07-07,0.0,0.0,0.0,0.0
2026-07-08,0.0,0.0,0.0,0.0
2026-07-09,0.0,0.0,0.0,0.0
